728396 728427
817510 817608
813307 813391
270279 270325
266893 266952
1016 1083
809644 809662
627207 627289
798060 798130
928186 928278
603693 603748
163624 163672
460994 461066
704278 704282
669460 669551
448826 448853
378039 378118
642213 642259
278911 278996
567100 567183
949076 949176
107320 107325
499231 499259
885351 885396
265540 265627
224387 224399
141403 141413
770951 771030
628895 628901
395555 395650
907575 907643
927036 927068
323102 323130
427405 427434
683597 683679
816303 816333
634703 634737
70335 70358
331432 331490
885980 886035
909769 909784
499537 499591
165269 165357
166337 166339
26730 26809
332210 332230
248511 248585
989987 990019
69070 69131
612678 612747
926879 926956
883032 883050
235060 235158
458615 458706
322883 322983
499102 499202
458964 459033
656272 656326
704932 704941
166945 166973
320373 320473
264770 264813
45100 45181
879438 879521
944165 944254
865551 865620
845479 845535
34484 34574
585998 586037
97179 97209
611740 611754
635854 635877
217930 217989
236119 236128
988079 988126
230068 230092
864431 864511
385540 385596
886971 887025
331232 331267
221000 221055
919533 919552
396425 396516
206432 206439
439334 439412
800835 800888
829423 829472
826411 826503
947234 947306
667263 667309
999509 999513
679619 679674
417696 417703
955210 955230
164562 164638
39475 39476
821085 821130
570516 570561
554788 554833
167517 167582
677389 677399
572385 572434
388761 388801
735669 735695
775448 775494
874858 874893
164242 164324
403220 403227
643251 643279
708779 708856
438255 438304
361468 361472
751010 751042
671205 671283
492683 492747
510374 510379
392442 392489
840539 840603
165474 165481
602605 602632
273899 273972
65927 65977
140438 140503
533306 533401
643298 643396
751555 751620
840356 840359
342875 342901
842690 842703
434177 434191
623391 623418
135208 135224
439273 439345
845377 845387
586184 586199
585351 585388
141981 142037
14912 15012
917016 917107
815594 815616
686651 686723
728507 728516
667019 667044
286109 286175
910061 910157
373433 373439
587160 587215
966954 967041
227608 227647
31050 31118
232465 232519
649986 650008
727118 727170
804158 804180
590912 590958
431848 431919
325933 325998
684001 684066
913804 913813
460158 460222
775299 775362
752981 752993
276026 276118
679464 679526
929156 929221
608845 608945
692891 692985
788932 789011
755418 755425
551148 551167
526160 526192
538511 538589
614249 614278
513694 513764
195829 195893
787468 787529
625413 625512
11255 11311
899913 899917
792889 792943
522228 522246
483543 483626
163052 163064
830167 830211
448383 448457
217039 217087
242476 242550
911971 911986
486518 486584
169584 169650
428968 429015
437813 437906
46694 46725
790011 790097
517402 517433
786620 786701
512132 512223
730449 730484
836247 836276
891747 891796
